79 79 70 74 96 78 44 66 108 100 88 97 76 89 111 65 65 99 111 92 99 138 103 85 118 116 127 117 125 147 128 89 95 133 149 115 110 144 123 102 134 133 126 126 119 118 143 138 131 132 127 143 137 144 126 131 142 161 153 132 151 157 141 128 136 123 132 136 138 141 137 135 142 123 107 101 145 181 166 126 98 156 151 161 177 183 173 158 148 163 155 169 159 155 153 158 163 168 172 168 
62 73 72 83 83 59 66 97 101 94 87 70 104 109 69 80 106 106 89 111 121 78 102 105 99 143 134 122 116 94 100 120 139 114 109 120 121 115 129 136 112 136 124 130 122 114 126 127 120 143 154 138 135 138 135 121 138 147 165 149 137 133 139 135 132 118 130 130 147 144 122 119 107 92 122 170 171 124 112 144 164 169 175 177 176 167 151 148 160 164 159 156 156 159 171 157 170 158 188 139 
67 73 62 80 55 67 104 86 102 96 82 109 104 66 75 105 106 100 105 114 77 75 95 109 114 118 127 129 108 76 115 148 135 132 102 110 135 128 122 134 140 125 119 128 125 113 112 122 142 135 119 128 132 135 162 142 127 158 140 152 142 121 132 133 142 140 130 112 119 143 127 95 96 162 179 160 125 126 150 165 173 175 168 160 159 161 156 155 163 159 154 159 164 156 168 172 166 172 153 110 
72 91 67 44 85 104 92 103 81 79 106 94 60 62 96 109 86 109 99 85 89 106 118 92 96 101 108 92 102 126 128 103 112 123 129 113 105 126 139 126 115 118 104 100 111 129 131 117 115 104 124 113 129 130 137 147 135 125 141 137 133 124 120 143 134 141 124 122 115 113 104 119 195 156 121 131 156 152 166 177 149 166 154 141 141 150 154 156 161 165 153 159 158 154 166 170 166 182 124 97 
78 78 43 68 100 99 86 72 83 111 95 52 65 104 106 101 103 91 91 101 118 99 101 83 88 118 83 94 131 127 128 118 107 113 116 129 127 110 115 127 123 113 122 125 116 108 104 101 104 114 133 132 132 122 124 134 159 133 121 127 125 131 114 116 139 125 113 103 86 118 174 163 128 114 137 150 162 181 177 160 157 151 145 141 144 149 153 156 161 162 155 168 158 164 173 163 175 142 88 83 
67 43 83 110 93 88 92 86 103 96 51 73 95 92 102 100 91 84 88 106 85 92 107 123 101 70 121 118 96 105 115 104 136 113 112 110 113 108 96 100 125 130 122 114 110 105 106 115 119 124 123 123 127 109 116 125 130 136 123 113 122 127 110 122 124 121 93 112 162 162 123 119 143 152 163 178 171 152 153 157 143 149 149 153 158 160 160 162 164 156 164 169 164 161 176 182 177 83 102 125 
45 61 115 92 78 78 81 104 73 51 74 100 96 82 88 95 84 105 91 83 84 110 111 100 86 102 104 124 119 88 104 113 118 135 111 110 111 103 121 128 97 125 99 89 113 126 120 118 117 110 131 119 128 120 118 124 113 107 131 120 111 128 120 105 97 86 150 169 141 111 110 139 166 179 166 158 158 152 147 149 155 155 154 157 162 162 164 165 163 156 167 156 171 159 178 186 125 80 118 142 
82 110 87 92 78 82 98 74 68 79 112 92 99 106 80 91 105 74 83 92 114 100 78 72 100 122 107 94 102 115 112 84 107 103 108 123 135 137 134 124 111 76 97 113 128 120 102 112 131 101 112 121 112 112 124 100 110 122 103 131 109 114 121 75 124 179 147 112 102 145 181 167 154 147 142 127 119 133 148 154 157 157 155 158 161 159 162 164 160 155 164 159 177 171 186 142 76 123 128 67 
98 77 89 69 87 99 66 65 78 96 91 95 96 85 94 96 59 71 89 117 97 88 84 115 112 106 111 122 115 114 144 127 108 108 85 74 72 70 87 110 113 111 128 112 103 114 117 110 96 126 103 102 118 109 123 120 99 129 117 91 113 80 88 162 165 110 107 150 153 156 175 148 135 134 134 139 148 151 152 151 149 158 158 165 166 160 161 166 164 166 168 172 167 171 190 101 92 120 95 109 
100 71 64 80 103 79 58 80 91 95 84 90 88 91 89 72 77 88 113 110 75 81 92 107 120 131 114 89 90 82 80 90 111 101 76 91 105 56 11 82 156 117 119 104 102 94 107 118 123 118 118 102 92 133 113 145 129 95 120 81 86 116 162 155 90 121 144 162 161 158 151 139 136 150 154 152 151 158 159 158 163 155 161 163 165 172 163 170 167 174 169 162 174 193 131 93 118 101 61 39 
62 76 78 107 68 54 86 81 104 91 79 88 101 75 60 82 90 102 84 85 71 98 106 90 111 55 23 54 81 49 34 43 56 114 73 103 120 131 87 41 88 99 124 119 146 122 80 81 78 120 106 135 131 60 22 46 123 118 71 86 138 174 110 84 149 172 176 168 152 149 150 148 150 150 153 152 153 159 160 159 163 167 163 170 169 171 161 165 166 153 167 194 192 169 124 98 80 33 48 53 
82 78 93 64 48 67 89 100 88 85 86 99 66 59 89 83 89 108 73 83 105 101 100 111 59 37 101 117 104 97 86 86 72 33 56 136 114 122 150 93 65 66 83 67 64 97 134 133 101 65 69 67 90 72 117 26 39 109 108 166 135 80 95 145 150 158 159 150 144 151 156 153 150 150 153 153 155 160 161 160 163 167 152 164 157 162 165 160 152 171 180 174 139 106 74 52 33 44 43 50 
63 101 79 59 74 96 93 81 78 94 89 57 71 87 80 91 85 65 83 91 86 113 95 66 76 112 99 74 41 64 54 24 43 37 53 104 129 132 103 85 98 94 73 57 44 47 38 33 50 56 45 35 21 23 40 34 7 136 177 91 89 134 154 166 153 147 151 142 143 154 156 152 146 150 152 154 157 160 161 161 162 165 151 177 168 160 162 175 192 160 126 79 50 42 35 33 41 54 47 71 
97 60 39 74 89 89 89 74 97 90 58 78 81 80 94 81 77 68 100 95 82 104 62 48 111 95 55 40 58 58 46 73 62 45 67 83 92 81 78 97 45 38 39 38 60 76 40 42 35 40 20 31 43 38 19 7 99 140 72 86 174 179 169 158 139 153 157 146 146 152 149 149 143 151 152 154 157 158 160 161 160 150 150 172 161 173 189 158 107 66 33 24 43 47 49 53 56 60 62 115 
78 49 70 91 95 81 83 95 83 53 86 83 85 79 81 95 57 91 91 100 99 65 53 104 99 65 35 88 85 52 114 140 60 46 59 41 53 85 57 45 44 21 54 74 46 39 33 52 40 25 39 30 44 7 28 189 143 66 90 161 163 163 158 147 163 143 151 142 147 153 148 150 146 152 151 154 156 155 157 159 157 164 147 174 195 168 90 36 16 37 41 44 56 55 51 50 63 105 132 152 
48 68 84 93 82 79 85 73 61 72 76 84 87 88 75 66 86 94 91 98 66 58 79 89 72 53 114 102 71 62 48 37 43 40 39 44 54 79 72 64 57 88 48 58 36 46 38 44 48 35 35 37 2 60 164 108 36 144 173 134 120 151 145 166 145 148 154 140 144 151 146 152 148 154 151 153 155 152 154 157 155 155 181 176 125 61 18 42 54 50 59 44 42 57 75 87 120 141 155 195 
57 74 81 87 90 99 81 59 78 84 88 87 87 70 68 94 89 88 88 64 55 79 87 97 73 73 76 59 48 42 40 27 39 40 38 57 74 81 63 62 62 58 67 81 47 43 39 71 49 28 33 21 56 182 93 16 120 171 152 130 131 130 152 149 148 145 150 136 143 150 142 144 136 155 150 153 154 150 152 156 153 173 130 66 56 62 41 57 48 46 37 47 83 99 118 119 117 131 175 118 
60 84 76 84 90 76 73 77 73 77 83 89 68 75 87 90 84 76 92 35 83 92 90 96 65 39 29 34 65 57 60 29 40 40 48 77 74 66 40 41 27 73 45 44 79 35 25 55 34 21 4 93 174 59 50 165 150 156 127 121 138 150 149 147 144 146 130 141 142 142 152 142 142 153 146 147 152 147 172 175 154 61 28 45 79 101 66 40 56 71 107 116 127 116 96 114 120 212 82 8 
93 80 94 91 77 62 66 76 88 69 87 88 60 78 100 98 83 83 90 38 94 99 62 43 35 44 62 58 36 33 30 38 39 34 82 91 57 42 20 31 65 61 42 75 44 19 24 66 57 4 131 126 58 85 163 168 149 146 134 133 145 143 133 133 140 145 133 138 135 141 147 137 144 150 147 158 157 183 142 77 41 17 55 58 95 88 109 117 109 122 133 113 101 113 103 125 198 86 30 15 
100 84 94 73 64 71 84 79 88 84 67 67 69 87 74 72 93 105 107 52 73 63 32 29 45 52 54 29 18 39 31 37 20 56 81 73 43 21 37 62 91 31 69 46 29 50 27 50 26 143 125 53 76 156 173 142 141 131 134 137 140 138 130 127 134 134 133 139 137 143 143 135 149 155 155 163 169 109 39 3 55 83 55 67 68 95 119 115 116 114 108 99 111 107 151 195 114 9 13 31 
87 106 85 53 61 78 90 75 75 87 58 68 83 81 51 45 61 81 95 57 37 19 29 50 62 40 33 27 46 42 35 32 37 77 55 35 38 30 65 71 70 83 39 21 61 18 37 109 138 94 52 107 168 156 153 133 128 126 135 133 130 137 136 127 125 126 127 137 144 149 146 136 145 151 138 139 41 4 47 73 28 129 74 73 64 95 111 91 119 105 107 111 114 162 169 77 5 23 34 40 
106 79 63 64 83 81 78 70 66 70 61 84 100 107 92 86 82 33 55 50 42 42 56 55 43 35 29 58 52 26 31 37 50 53 37 20 42 58 71 53 74 54 14 92 106 5 87 153 75 33 121 167 175 148 146 155 133 135 140 136 132 134 126 120 122 132 123 132 143 146 143 134 130 126 90 12 13 35 37 81 59 58 112 66 79 53 102 88 104 99 103 116 175 143 27 6 27 40 40 35 
79 52 56 80 88 72 66 80 81 78 82 90 73 71 59 36 14 52 40 30 40 57 53 40 36 36 34 79 29 26 32 46 43 46 35 34 47 46 36 31 75 27 26 119 9 31 114 62 65 155 164 157 150 150 152 132 146 136 138 141 140 128 112 116 136 139 130 136 143 135 127 129 130 142 136 94 51 49 71 37 63 20 86 81 73 49 97 90 107 122 159 176 92 15 17 26 38 33 34 31 
74 61 72 93 86 86 76 83 79 84 92 86 42 39 61 73 64 56 35 36 48 53 33 24 23 28 58 91 25 36 32 48 52 39 23 42 42 33 22 41 80 16 64 75 53 129 52 31 142 153 153 152 164 137 131 140 125 133 131 138 138 125 115 126 141 140 136 137 141 135 128 134 147 153 146 109 61 42 46 85 46 63 51 113 85 78 81 89 128 167 148 70 23 25 30 37 37 30 33 35 
61 84 87 89 75 101 94 94 89 77 70 102 108 84 47 47 59 42 38 62 62 42 27 40 32 30 79 67 14 37 44 40 41 43 39 61 50 58 46 57 89 29 98 73 135 99 32 154 137 148 134 134 149 143 140 127 133 136 131 131 129 124 130 136 131 142 134 126 137 151 148 149 157 165 144 132 80 48 49 43 122 48 24 74 95 74 70 104 129 88 20 9 29 29 35 36 27 30 35 37 
64 79 89 87 62 58 50 77 76 97 68 66 53 42 34 45 48 56 51 61 57 35 33 39 29 36 54 62 15 45 51 23 36 30 37 46 49 44 34 54 64 41 71 62 85 76 114 123 145 132 119 133 144 134 119 114 125 127 117 126 128 130 138 131 122 110 141 154 153 145 143 150 145 152 153 151 113 57 38 40 27 94 47 5 85 98 80 101 75 53 43 33 30 28 28 35 36 37 35 35 
59 89 74 56 58 63 75 92 88 55 84 102 60 34 41 51 41 52 44 54 50 40 41 34 26 49 40 51 48 34 41 34 29 38 33 29 28 30 43 31 42 52 57 33 87 71 89 92 129 125 129 139 134 121 115 118 126 125 131 135 128 127 122 111 120 146 157 159 155 151 154 154 148 151 151 146 117 68 48 48 33 48 64 46 48 99 92 103 89 64 42 29 32 34 32 34 34 36 35 35 
74 71 64 66 92 88 92 89 80 51 62 75 61 53 44 38 39 32 35 48 40 46 55 38 33 53 30 54 99 46 12 32 42 36 39 28 33 38 25 19 87 68 38 61 128 112 154 122 130 121 142 143 124 112 113 123 122 131 137 124 109 114 116 124 160 163 161 160 154 152 157 155 151 152 151 142 122 82 56 51 35 24 46 55 15 84 81 88 106 62 35 27 33 37 32 34 34 36 35 36 
78 49 59 81 97 90 75 69 65 49 38 34 37 52 51 34 31 31 32 54 50 36 50 49 22 55 29 38 88 86 22 26 23 33 27 36 42 24 11 107 47 16 133 98 112 138 134 138 138 154 149 126 116 112 110 118 120 148 132 106 106 129 139 142 159 154 151 161 159 154 157 155 160 159 157 145 130 91 55 46 32 39 24 51 28 66 94 96 116 43 24 29 32 32 28 34 38 36 36 37 
56 72 76 83 67 80 72 81 82 39 27 28 37 42 37 28 37 36 23 46 63 35 45 63 22 52 39 27 39 116 67 62 60 36 32 38 12 17 126 76 30 118 157 76 76 168 127 129 148 157 138 115 115 110 105 126 145 135 118 111 126 138 144 148 146 151 150 166 167 159 161 163 169 168 167 157 140 102 60 43 34 33 22 44 40 36 117 112 101 32 18 35 31 29 28 37 37 35 36 38 
72 82 81 77 52 70 71 74 73 44 22 34 60 45 28 25 42 31 34 25 46 58 46 47 41 63 45 31 18 105 57 27 50 40 32 19 18 108 100 49 120 150 105 113 68 129 129 126 145 128 127 123 119 112 116 134 140 103 108 125 138 129 130 149 157 159 155 163 166 159 163 167 167 172 172 168 150 117 77 49 42 34 36 36 44 30 108 123 114 40 21 39 31 32 32 38 33 35 36 39 
97 66 69 61 48 43 50 33 31 46 30 48 60 34 39 40 30 35 47 26 30 56 40 27 39 54 41 36 24 92 91 14 36 35 25 1 121 108 17 134 148 109 114 120 89 137 99 117 154 131 123 127 124 118 127 119 96 103 117 125 136 139 137 147 151 161 157 160 163 156 161 171 165 172 170 173 155 130 94 53 46 38 30 20 32 35 52 115 123 54 23 39 31 35 32 38 33 35 37 40 
67 88 86 60 57 26 51 31 39 47 29 51 60 21 28 43 40 40 29 37 39 26 33 45 28 51 83 76 18 29 97 13 31 37 7 111 104 45 119 135 118 122 112 119 90 128 124 141 155 137 110 122 133 120 111 103 96 115 131 121 127 149 151 152 160 155 159 162 165 158 163 179 171 169 166 173 156 137 105 53 43 45 31 31 32 50 21 123 119 58 21 38 31 33 28 36 38 34 37 40 
81 69 93 72 69 62 37 27 38 31 34 39 61 24 33 51 34 38 31 40 39 22 47 32 40 50 59 75 67 33 125 33 40 3 84 117 42 103 160 115 143 131 134 130 91 109 110 149 166 130 119 124 106 99 99 108 114 126 121 123 136 149 155 158 160 156 166 166 165 162 163 171 169 176 174 172 164 152 112 57 43 45 30 36 28 40 23 99 129 55 29 36 33 35 31 30 39 40 40 39 
80 81 59 53 46 24 37 58 23 29 39 34 54 34 29 32 31 38 38 38 33 34 51 37 28 63 52 37 38 33 100 58 1 65 127 50 98 136 102 123 141 142 145 126 75 117 141 152 147 117 106 114 108 110 112 119 123 124 124 127 134 142 147 152 157 158 162 160 164 164 162 169 172 169 173 179 174 165 129 73 48 45 31 35 29 41 32 91 143 68 25 32 32 32 31 30 35 39 40 40 
100 86 56 36 34 20 56 68 33 29 30 26 63 57 32 28 54 30 39 32 27 47 42 40 25 43 39 45 34 18 52 97 44 137 47 96 129 100 118 138 141 149 143 133 66 95 160 161 103 99 94 105 107 113 114 120 125 123 128 132 134 135 141 151 158 160 158 154 162 164 160 168 171 167 171 176 172 164 140 89 48 49 35 34 31 37 38 67 151 87 23 31 33 31 34 33 33 39 40 40 
65 49 41 25 38 24 54 42 26 42 43 25 29 29 46 53 51 24 40 32 30 57 27 46 41 31 35 85 15 40 21 39 126 62 76 136 105 103 116 110 130 148 129 151 120 112 128 123 103 107 112 119 114 110 113 121 128 126 131 133 133 134 142 154 160 159 157 152 158 162 161 166 165 168 172 177 175 169 153 101 43 54 41 34 32 31 39 36 145 105 26 32 38 32 35 37 36 38 40 40 
59 45 29 52 52 23 46 66 35 42 39 27 32 42 64 58 31 28 45 36 34 57 21 55 54 23 52 59 24 30 21 81 49 34 144 103 105 126 104 111 135 149 134 134 122 142 140 111 118 111 124 127 121 117 124 131 133 132 132 131 129 133 140 149 155 156 157 151 153 157 160 164 156 170 172 173 170 167 157 112 51 51 41 34 34 29 41 19 139 113 32 33 40 33 32 38 39 39 39 39 
86 39 29 69 35 21 38 90 33 32 27 35 62 69 55 36 30 31 43 34 32 44 21 56 47 21 62 24 39 10 85 101 25 153 116 115 135 118 104 113 140 151 138 146 161 145 90 60 90 100 117 119 126 130 137 133 126 140 133 128 127 129 131 139 145 154 157 148 148 152 157 160 152 165 171 172 169 162 149 111 58 42 36 33 35 31 45 19 133 120 44 32 37 34 28 35 39 40 39 37 
47 29 48 66 27 32 59 86 18 35 41 42 36 33 33 30 29 33 34 31 38 35 25 54 43 41 47 36 12 70 118 13 133 152 109 133 139 125 91 111 153 142 167 156 109 32 10 32 54 63 74 72 94 110 124 133 140 142 133 128 129 127 125 131 143 155 153 143 144 149 152 157 154 157 170 165 155 137 113 83 47 35 32 35 35 31 41 20 116 132 61 31 34 39 29 36 39 41 38 35 
9 43 69 46 29 19 80 81 10 38 31 34 33 32 34 34 31 39 29 35 54 39 31 57 54 49 37 19 16 124 30 91 139 98 132 146 150 99 93 138 147 161 167 95 55 64 98 99 65 53 48 24 34 44 63 92 123 143 134 131 133 129 123 132 148 156 149 138 142 146 147 156 159 157 160 135 104 72 49 43 31 33 32 36 33 27 33 15 97 142 76 32 32 45 33 39 41 42 38 34 
34 49 60 31 20 55 68 95 13 31 29 42 43 35 37 33 33 34 31 29 47 77 49 39 64 45 30 15 151 43 66 179 99 131 141 175 117 86 113 133 175 162 60 61 103 108 116 102 131 109 94 57 41 33 18 36 34 88 124 132 117 117 124 129 133 145 145 141 131 151 149 141 138 111 63 40 21 26 26 67 64 67 50 36 36 36 33 17 101 137 71 39 24 31 38 45 43 36 35 37 
27 68 41 20 51 67 31 102 42 24 41 46 30 26 51 62 25 30 42 30 14 43 73 70 30 41 14 65 103 77 155 113 113 135 164 145 104 104 130 189 148 53 66 79 86 110 102 57 102 148 80 108 64 71 63 41 36 37 80 111 118 118 115 119 133 143 151 146 144 153 123 126 88 47 51 65 94 73 81 100 60 55 47 38 35 35 35 19 90 144 72 48 29 30 41 37 37 41 37 37 
63 71 39 45 78 49 10 70 57 22 46 51 29 20 39 73 48 23 26 34 38 24 24 45 44 11 52 103 30 161 118 108 133 157 178 124 93 120 203 104 42 51 77 74 53 61 65 28 54 80 33 40 65 104 61 79 79 54 71 89 102 110 107 115 139 154 155 156 134 148 136 120 78 80 74 50 48 27 37 39 32 39 43 40 34 33 37 20 76 147 70 49 33 28 45 37 40 40 33 32 
90 33 47 57 88 27 21 45 59 28 33 47 31 27 25 58 87 26 25 29 40 28 33 44 43 9 122 58 120 140 103 123 150 168 144 124 128 177 118 22 42 52 43 43 33 18 36 31 30 20 21 24 35 55 82 111 78 91 83 87 98 109 110 114 137 152 151 154 150 149 121 70 48 41 25 23 18 33 40 25 35 33 38 39 32 33 37 23 69 148 73 46 35 25 45 40 41 36 33 31 
73 24 53 49 91 31 25 51 45 48 40 62 22 34 29 27 70 98 44 11 31 33 36 23 20 79 84 71 181 88 125 129 153 169 134 128 185 116 5 45 50 36 31 29 37 27 33 30 28 21 16 26 32 17 40 91 95 85 81 89 97 103 107 114 137 146 158 154 179 118 51 23 20 30 26 36 44 18 29 37 34 35 35 36 32 33 35 25 66 147 83 43 43 28 41 38 32 34 38 37 
32 58 51 71 83 31 22 52 31 47 53 90 18 29 41 17 29 85 81 67 49 23 45 26 19 115 42 151 119 117 112 129 161 148 136 173 80 23 53 39 35 30 32 25 43 37 33 45 64 201 133 55 5 28 18 35 96 77 75 88 89 92 101 110 132 157 179 177 142 40 10 26 30 30 71 72 125 48 26 35 38 39 34 34 32 34 34 27 60 139 90 39 51 37 43 39 29 31 38 38 
26 75 49 76 64 25 28 43 33 29 33 94 34 31 39 32 29 20 23 44 65 38 28 13 86 72 113 147 110 131 135 135 164 136 184 110 11 44 45 28 41 27 49 36 44 35 27 41 57 202 179 175 55 29 72 34 76 74 70 85 88 93 104 108 126 170 192 171 63 12 21 38 33 33 60 62 155 82 31 19 36 39 33 34 32 36 35 28 51 138 98 38 54 40 46 40 34 30 34 35 
20 77 66 47 53 28 29 33 26 38 11 80 56 40 21 37 38 35 31 22 28 29 42 37 143 46 162 111 95 124 138 180 138 175 125 21 63 59 26 40 26 33 83 46 33 55 56 32 19 207 157 188 170 24 47 77 51 67 61 78 82 89 105 116 142 177 193 121 18 55 41 53 41 57 10 39 139 85 42 28 29 36 34 36 31 35 37 29 43 149 109 41 51 37 45 35 35 36 36 36 
36 95 48 99 42 26 33 40 35 29 34 41 56 30 37 33 30 40 29 39 32 34 4 79 18 98 111 94 118 139 167 150 177 129 46 52 80 77 74 69 30 18 69 98 46 15 19 42 172 182 170 163 122 90 61 90 52 72 69 79 83 93 102 118 167 192 197 84 40 100 85 24 46 15 77 141 130 76 43 33 33 32 38 33 30 30 37 39 19 134 132 32 41 49 42 34 30 33 33 32 
40 81 46 79 77 12 43 23 32 30 33 34 47 30 39 34 32 42 35 22 34 10 87 85 59 158 99 134 141 163 160 182 100 49 62 82 75 93 110 97 68 40 48 70 113 115 112 152 185 171 172 145 97 99 68 80 88 73 73 82 80 84 95 119 173 206 187 91 32 43 86 101 90 116 143 142 102 60 38 34 35 32 37 33 31 32 38 38 17 123 142 40 35 52 46 35 33 37 34 31 
41 100 38 84 88 41 32 34 32 31 32 26 36 31 41 33 34 24 37 33 25 26 106 49 169 131 115 132 159 155 174 102 31 59 91 96 69 90 100 98 105 81 63 57 76 97 102 113 102 124 120 140 130 132 99 86 87 76 74 81 79 86 98 119 163 217 180 120 109 87 93 118 97 108 101 69 56 47 25 28 48 32 36 32 32 34 41 38 15 110 159 55 30 55 47 34 32 34 32 30 
61 106 77 89 53 50 46 40 23 31 34 25 31 32 39 32 36 49 26 28 20 93 54 75 162 98 130 150 158 191 113 21 60 93 90 92 85 93 87 93 103 101 106 73 63 55 52 88 51 53 44 101 112 112 110 92 66 82 80 83 81 86 98 119 154 205 199 131 115 99 78 72 47 43 56 40 26 38 47 52 53 35 35 30 30 35 42 38 15 103 168 73 32 53 43 30 30 30 33 36 
59 78 85 85 64 86 47 23 36 31 37 30 32 33 36 30 37 40 36 17 52 114 28 140 105 121 128 151 211 107 14 62 84 87 86 98 99 101 98 103 88 85 118 96 83 99 74 82 93 94 99 116 92 101 117 84 65 91 89 89 82 78 88 118 157 205 208 127 115 117 88 80 79 76 81 73 50 45 58 53 44 38 36 29 30 35 41 38 17 96 165 89 39 50 38 32 30 33 40 42 
47 49 68 95 104 76 30 29 36 31 37 34 34 34 34 30 35 37 27 10 101 57 106 143 107 138 141 206 126 6 35 73 80 84 95 104 100 104 98 108 105 110 87 102 105 102 102 99 108 118 125 123 106 118 125 89 86 96 90 88 85 82 87 114 149 195 212 150 132 122 105 105 89 91 74 78 76 67 64 53 50 40 38 29 31 35 40 39 19 84 153 103 42 44 36 36 33 32 39 38 
79 41 60 61 81 33 46 55 34 32 34 32 33 34 34 31 33 38 8 78 120 20 130 120 143 131 211 158 7 51 78 67 83 84 92 100 104 111 102 118 124 119 125 103 113 118 116 131 130 128 120 119 125 116 104 82 83 96 85 82 88 87 89 111 140 198 203 147 142 131 104 106 108 83 82 85 77 68 72 63 42 39 37 31 33 37 41 39 19 74 148 117 42 36 35 35 33 29 37 34 
115 120 49 12 49 105 20 14 30 33 30 29 31 33 35 33 30 32 17 114 47 103 123 132 135 172 163 24 21 65 74 76 73 86 90 100 105 110 114 132 117 110 132 132 131 117 122 124 123 115 119 113 121 110 99 86 92 94 85 82 86 80 80 111 146 178 222 166 129 132 126 111 94 99 89 79 78 69 63 70 64 39 38 33 36 39 41 38 19 70 148 126 40 32 35 33 30 32 40 37 
36 36 89 135 118 44 39 37 42 31 43 39 26 33 38 30 34 8 102 76 48 163 123 146 169 194 23 6 58 66 79 80 85 84 87 95 105 109 110 115 122 123 130 132 119 127 139 128 125 117 131 129 116 110 106 99 96 95 83 84 90 89 82 94 130 184 213 181 130 114 114 112 102 89 83 81 77 73 73 67 57 35 40 33 41 32 42 40 12 68 145 127 67 20 39 39 35 34 36 43 
101 83 68 84 37 37 114 63 56 35 25 25 44 35 28 43 26 19 112 40 83 134 131 147 211 78 12 31 64 66 81 81 76 86 95 101 102 105 112 117 118 131 130 130 122 126 134 129 130 127 135 131 120 114 109 103 103 99 88 86 86 84 81 97 133 181 212 188 142 120 119 114 103 91 86 83 80 77 78 72 61 35 37 33 39 33 46 40 15 56 135 114 92 24 36 33 27 38 39 35 
27 69 32 4 16 48 99 71 36 29 45 29 27 32 33 38 16 83 90 62 135 126 121 191 147 8 19 49 61 62 74 78 73 82 91 98 99 102 110 118 121 131 128 135 136 135 135 130 128 129 129 124 115 109 103 99 101 96 90 91 88 86 86 97 126 174 212 188 140 110 114 112 105 99 92 87 83 79 78 70 56 37 34 34 35 33 52 40 20 56 134 94 112 21 30 33 33 39 42 29 
50 44 43 28 30 42 96 80 40 31 28 35 43 39 27 27 37 122 48 124 159 127 155 167 12 21 38 43 56 67 69 75 80 81 84 92 99 101 102 110 119 124 123 134 139 134 133 130 123 127 122 115 111 105 97 93 95 95 90 89 86 87 90 96 115 164 215 197 145 106 117 112 109 98 92 87 81 77 75 65 48 39 33 35 33 33 56 38 21 57 145 82 122 25 27 36 45 35 43 28 
18 39 56 33 30 50 78 76 115 23 19 32 29 45 33 12 77 74 39 134 131 148 195 60 4 42 41 34 58 77 72 79 83 85 87 93 99 99 98 102 109 116 118 124 125 122 127 131 121 127 120 116 114 108 97 92 92 99 90 82 76 82 90 95 110 144 211 206 155 105 119 106 102 93 87 83 78 76 78 66 47 39 33 36 32 33 57 34 22 46 149 81 122 47 28 32 42 35 39 27 
53 32 36 35 31 68 68 21 149 117 6 24 36 30 29 23 117 43 98 143 138 207 111 3 38 39 36 38 57 69 74 82 82 83 90 96 97 99 103 105 105 112 119 122 124 124 128 130 119 125 118 116 114 105 96 91 88 94 86 80 75 81 89 91 103 133 198 208 165 96 113 101 97 95 90 85 79 77 78 65 42 36 34 36 32 34 56 34 23 34 144 85 104 72 26 28 37 39 31 26 
39 8 50 28 31 60 74 38 40 116 122 4 36 43 4 101 90 42 139 166 180 188 18 15 39 41 33 45 53 57 71 79 82 82 87 92 94 98 105 108 106 110 118 118 125 131 127 125 119 119 114 113 110 98 91 88 83 86 82 83 80 82 85 87 102 139 187 212 186 93 109 108 102 101 94 87 79 77 76 61 34 31 33 35 32 35 54 35 23 30 132 90 84 93 21 30 37 40 25 34 
40 59 38 28 49 75 140 96 4 50 133 37 30 31 16 101 53 64 151 173 188 54 5 43 34 50 30 44 54 58 73 76 85 87 85 86 93 97 99 100 104 113 115 105 113 122 115 116 118 118 113 112 107 95 90 88 82 86 84 84 78 76 79 87 109 135 169 212 204 94 103 104 95 96 91 84 76 75 75 60 33 27 32 33 33 36 53 37 25 27 122 97 77 112 21 33 36 38 23 44 
93 56 34 42 65 88 183 153 24 23 86 29 42 9 71 86 47 114 165 196 97 8 32 27 39 60 40 44 52 62 78 82 85 78 84 97 92 91 98 98 104 107 109 109 110 113 117 116 113 109 109 115 104 94 95 88 83 85 85 72 76 82 72 82 104 112 153 222 225 126 91 98 102 95 96 84 82 68 69 55 28 33 38 26 38 40 45 40 28 28 92 129 77 98 31 21 41 38 21 59 
45 48 44 93 78 20 59 146 53 14 34 34 18 35 114 69 76 185 189 111 4 17 42 29 28 55 37 40 51 62 72 71 78 82 84 92 88 91 99 97 100 103 105 105 106 109 114 114 112 112 111 109 98 92 85 72 73 77 87 79 75 77 79 91 103 112 131 222 219 139 81 94 110 88 89 80 78 68 62 38 29 33 37 27 38 40 45 39 28 23 76 124 91 105 40 20 34 36 31 71 
21 32 87 112 24 34 67 29 21 40 49 9 21 54 76 49 124 152 101 31 11 37 31 41 22 57 43 39 50 62 70 66 78 85 83 87 86 91 99 96 95 102 104 104 104 107 113 115 113 112 111 103 93 95 79 60 73 90 94 88 86 78 73 86 97 121 135 212 225 148 73 84 95 90 86 77 77 75 61 26 33 32 36 28 38 39 44 37 30 27 60 125 112 111 59 27 36 30 47 88 
98 68 82 143 80 63 69 30 40 39 22 19 108 103 72 37 50 90 122 56 27 29 36 32 26 64 56 43 50 63 75 72 84 82 82 84 86 91 96 96 94 101 102 102 102 104 109 111 110 102 105 96 89 95 74 54 79 96 93 94 103 94 75 78 84 115 145 181 210 133 80 99 98 94 84 71 79 76 56 22 32 33 35 30 39 39 44 35 31 27 36 120 116 91 67 25 33 20 63 101 
92 45 2 22 72 28 11 41 29 35 4 105 130 117 125 123 142 160 73 13 42 39 36 31 23 62 61 44 49 61 78 76 82 77 81 85 89 92 92 96 96 99 101 100 99 100 104 106 105 103 109 102 95 98 77 59 86 103 91 84 99 102 88 82 77 98 136 159 159 93 76 96 91 89 81 69 79 61 36 23 29 33 34 32 41 39 44 34 33 35 26 123 128 80 83 31 36 17 77 105 
25 11 33 95 48 36 30 29 40 33 23 148 127 144 127 148 130 61 24 24 23 34 33 38 27 57 58 42 54 60 76 73 73 75 81 85 91 91 89 97 100 102 105 105 104 103 106 108 108 108 112 108 99 97 80 64 81 69 33 10 21 41 49 68 86 74 112 167 131 101 97 97 90 83 83 77 78 43 24 30 36 34 33 34 42 39 44 33 36 30 11 111 132 67 85 27 24 28 90 104 
38 52 68 172 14 17 32 46 28 14 41 135 143 136 134 180 111 2 20 40 26 36 35 34 21 65 58 42 64 62 73 72 73 80 84 83 89 91 88 98 101 102 106 107 106 106 108 110 109 104 103 102 94 92 86 71 70 73 61 54 75 82 54 45 59 65 98 139 112 109 107 97 92 81 84 79 66 31 27 36 41 35 33 36 44 40 45 33 38 38 10 98 146 73 92 35 23 51 104 100 
20 39 76 36 24 42 34 31 19 30 74 87 80 77 151 97 16 37 41 27 37 31 40 36 28 79 63 44 73 67 73 76 82 86 87 81 87 90 88 99 100 94 98 101 100 100 103 105 104 108 103 106 102 102 106 93 79 72 86 87 92 89 72 82 109 144 160 129 117 103 100 91 89 78 78 72 49 22 32 35 37 36 33 38 44 40 44 33 40 41 7 81 147 74 89 38 20 71 111 96 
17 58 69 35 11 53 64 58 100 141 63 43 18 135 201 6 23 34 36 34 38 35 33 35 20 74 74 43 57 69 72 73 69 76 81 82 82 87 89 91 96 96 91 93 96 97 105 112 109 111 108 108 112 111 105 102 103 98 82 92 93 120 92 103 172 167 147 137 119 99 95 90 81 71 86 77 16 28 41 32 29 34 34 33 45 38 38 35 35 35 21 54 137 73 75 38 30 87 99 92 
35 39 19 49 61 50 60 118 178 49 46 66 122 201 27 19 31 33 33 32 36 35 35 36 25 62 71 46 54 66 70 73 74 77 83 84 84 89 90 90 94 94 92 97 102 102 105 107 102 107 108 108 106 104 104 105 105 95 100 99 113 165 134 96 153 163 148 133 112 92 92 94 86 73 86 55 25 28 37 32 32 36 36 38 47 37 39 37 34 34 25 42 137 95 87 43 35 90 101 93 
54 25 17 74 94 101 113 159 88 23 43 87 198 97 1 43 31 34 34 32 36 36 35 36 27 53 72 56 55 65 71 73 79 79 84 86 86 91 91 90 93 90 89 94 100 102 104 104 101 102 107 107 101 97 99 99 96 97 94 97 131 175 158 111 157 162 148 133 112 93 93 95 85 86 79 29 34 29 35 34 32 37 37 44 49 36 40 39 33 35 30 22 119 104 84 47 55 94 102 93 
44 8 60 167 89 119 151 163 18 49 30 115 118 1 39 30 27 35 37 34 39 39 35 33 25 54 77 67 56 68 76 75 81 80 85 85 86 91 92 92 95 94 89 89 92 95 98 102 104 96 102 106 104 102 102 103 102 108 100 106 155 187 171 120 162 176 149 132 108 92 97 90 79 91 52 15 31 31 31 31 27 36 34 47 48 34 41 41 32 33 35 16 101 109 78 49 81 94 100 94 
29 63 70 86 99 138 178 49 50 35 80 153 5 26 38 31 43 32 36 35 41 43 36 32 24 55 74 69 52 66 80 76 81 82 85 83 83 90 92 93 97 99 94 89 90 92 95 98 104 97 97 100 102 100 96 98 102 96 112 113 158 198 175 114 150 188 155 140 104 82 91 84 87 84 28 27 33 36 34 38 37 35 32 48 44 35 41 41 34 28 38 24 97 129 82 51 93 92 98 94 
45 51 35 74 107 183 97 31 38 37 160 32 19 29 31 43 33 28 34 34 42 47 39 34 28 51 62 66 45 59 76 77 80 84 85 82 81 88 91 92 96 94 91 89 92 97 96 95 101 99 95 94 96 95 93 97 105 106 121 123 148 174 175 161 177 154 148 152 110 73 82 87 98 55 17 41 36 37 32 43 46 36 32 47 40 39 42 39 38 29 35 21 79 137 83 58 92 92 96 95 
149 101 84 134 178 112 37 44 40 140 67 11 22 45 63 36 35 29 35 33 42 48 40 33 30 50 54 65 42 49 68 74 80 85 86 83 81 87 89 89 91 89 88 87 92 96 90 84 88 92 92 93 95 97 99 102 104 101 93 89 87 82 90 117 102 86 104 114 85 66 86 94 80 21 20 33 33 28 27 32 34 41 35 47 37 44 43 35 42 34 36 13 58 134 75 72 93 95 97 96 
126 195 193 194 125 11 60 31 119 140 3 41 29 27 82 32 31 33 38 33 41 47 37 32 29 53 53 70 43 44 61 71 79 86 87 84 82 88 88 85 86 94 92 88 89 89 76 65 69 86 91 91 87 85 82 76 68 71 70 63 63 79 70 85 55 41 52 41 32 54 98 100 44 15 42 30 41 34 35 30 25 46 38 47 36 47 42 33 44 36 42 15 53 136 72 86 98 99 99 96 
151 135 196 148 16 75 41 57 174 12 26 37 32 27 38 39 25 38 31 37 38 48 49 25 27 55 52 49 54 51 69 70 70 77 81 79 82 82 81 88 88 79 97 91 93 89 53 32 37 30 36 47 51 47 52 51 39 41 29 30 38 55 50 55 59 45 61 75 72 77 108 93 21 33 32 32 35 34 31 33 38 39 34 52 34 42 44 30 46 43 33 26 37 138 75 89 87 95 95 98 
210 195 188 80 23 42 40 179 68 17 27 35 32 29 39 42 33 34 32 39 35 43 52 32 26 48 50 49 53 47 63 68 72 78 80 77 80 81 80 88 88 87 99 95 98 102 88 81 91 69 55 51 61 74 81 82 79 86 87 92 86 105 129 137 114 98 88 98 86 89 98 55 18 33 33 33 33 31 31 35 39 34 36 55 37 44 42 30 46 46 31 25 33 135 83 93 93 96 99 103 
106 246 133 32 52 44 158 119 1 29 34 38 35 33 40 45 41 32 33 41 33 36 53 40 26 40 47 48 52 41 54 66 73 73 77 75 78 80 81 89 90 89 95 99 99 100 97 89 92 76 91 95 84 79 86 97 107 139 153 168 155 164 184 178 127 87 83 95 93 96 68 25 31 33 35 34 31 29 31 36 38 29 39 57 40 46 41 30 44 50 28 26 27 130 96 97 99 97 100 103 
80 180 45 32 61 150 150 12 25 36 37 37 34 32 36 38 38 33 33 41 33 32 49 43 27 35 45 45 51 39 49 64 70 77 80 77 78 78 75 82 81 84 87 99 97 96 97 86 81 72 67 66 76 81 72 77 99 104 105 109 93 95 104 109 84 82 95 94 97 90 32 15 31 31 36 36 31 30 33 37 37 28 42 55 39 48 43 33 42 54 28 28 22 123 107 96 99 99 98 99 
218 72 9 63 171 122 24 23 29 31 33 32 30 30 30 30 31 36 34 38 35 32 43 40 29 36 44 41 49 39 48 62 64 68 73 72 76 77 75 80 79 84 84 93 89 89 96 90 86 80 83 74 69 81 91 88 85 93 95 107 107 104 87 85 85 90 95 92 84 65 26 34 36 29 35 37 34 31 34 36 35 30 46 50 35 50 45 37 38 56 29 32 20 115 115 95 95 103 97 97 
211 27 62 145 169 36 15 28 36 29 34 33 31 34 35 33 33 36 35 36 35 34 39 38 33 34 45 39 49 39 46 58 57 61 66 66 72 74 73 81 79 82 84 89 87 87 93 90 88 91 86 84 87 81 66 63 74 79 76 79 75 77 67 84 102 98 88 100 66 39 26 35 29 30 34 37 36 33 34 35 35 30 50 46 32 50 45 39 36 55 31 35 20 108 120 96 95 104 100 100 
175 76 109 188 37 21 28 39 25 31 38 37 33 37 40 36 35 32 37 34 33 36 39 37 35 32 45 40 49 37 40 53 51 64 67 64 67 68 67 74 74 77 85 87 91 95 94 95 94 84 85 83 79 79 84 79 65 60 56 65 66 76 82 100 105 91 93 87 43 39 31 33 29 32 32 35 37 34 32 34 38 25 52 47 32 50 42 40 35 52 33 36 20 104 125 103 101 98 103 105 
135 57 160 70 2 22 36 32 31 30 38 35 28 32 35 31 28 27 39 34 31 36 40 39 37 29 45 42 50 34 34 50 48 53 57 55 62 66 71 82 85 81 90 83 86 90 85 88 89 87 84 85 83 79 87 97 96 102 94 104 103 106 106 106 85 84 102 47 10 47 30 33 30 33 32 34 36 34 31 34 40 21 54 49 34 49 40 39 35 50 34 36 20 102 128 109 108 90 103 108 
178 158 120 13 25 42 26 40 27 35 35 36 35 32 37 40 30 32 31 32 35 39 42 42 41 30 40 37 40 47 29 45 44 54 60 67 67 64 65 74 83 79 81 87 91 91 88 88 92 93 89 100 96 96 97 110 107 121 117 107 103 107 104 96 95 92 96 31 31 43 30 31 30 30 36 28 40 35 36 36 34 24 58 49 32 54 45 38 43 49 32 40 19 99 132 107 106 85 101 104 
202 121 27 16 41 28 38 35 28 31 36 36 32 29 33 36 30 33 32 32 34 37 40 41 41 31 40 38 37 43 32 44 45 40 51 61 61 59 63 70 76 82 82 84 86 87 86 90 95 97 97 108 108 108 101 113 120 119 128 122 106 105 108 99 88 102 67 15 30 41 35 37 34 32 39 33 41 37 39 38 35 25 59 51 34 56 46 38 42 52 41 43 18 94 129 104 106 85 100 105 
200 34 4 32 38 20 41 24 29 30 38 39 30 29 33 33 32 35 33 32 33 35 38 40 41 31 37 39 33 39 35 41 46 32 44 55 56 58 62 70 73 85 83 84 88 90 89 92 96 97 99 108 115 121 110 112 122 115 117 117 119 118 107 99 101 97 36 18 43 35 30 31 28 31 40 37 40 36 40 39 33 27 60 53 37 57 46 38 43 43 45 44 18 92 131 105 111 90 101 106 
173 12 39 40 36 37 34 32 34 32 40 41 30 35 41 34 34 36 34 33 32 33 36 38 39 36 33 36 33 37 37 35 48 37 38 40 45 50 54 61 66 80 77 78 82 85 88 95 101 100 101 105 116 129 123 115 118 120 113 115 129 125 105 95 100 73 9 25 49 30 33 33 32 29 38 39 36 34 38 36 30 31 61 55 39 56 45 40 45 34 47 45 18 93 131 106 112 95 101 105 
6 45 53 27 35 39 24 42 29 32 38 40 29 37 47 35 31 35 34 33 32 32 34 36 38 40 31 33 37 38 37 30 48 43 31 26 34 46 51 59 68 83 84 88 93 95 93 95 98 93 98 98 104 115 119 113 115 113 114 116 117 114 107 96 86 66 12 36 42 26 39 35 34 30 37 41 35 34 37 36 31 35 62 55 39 54 44 43 49 39 51 46 15 92 126 104 105 92 92 95 
21 31 30 33 28 27 28 36 31 32 35 40 28 33 47 34 28 34 34 33 32 32 33 35 37 40 32 33 39 40 38 28 43 51 35 25 30 37 40 44 51 61 64 71 79 82 83 87 93 95 103 104 106 107 116 120 128 112 105 106 110 103 95 88 84 63 26 49 42 28 36 31 32 34 37 45 36 37 38 38 37 37 61 55 39 53 43 45 53 43 48 44 12 93 122 105 97 80 76 79 
80 24 18 44 31 30 38 33 39 35 36 46 30 27 41 34 29 33 34 33 33 32 32 34 36 37 38 35 40 39 41 30 36 51 45 37 31 29 29 28 27 18 20 26 33 38 45 59 71 81 87 93 103 96 102 109 118 108 93 92 97 83 66 65 74 52 18 35 36 34 34 33 38 36 34 44 35 38 37 38 41 37 59 54 41 54 43 46 54 42 41 44 16 103 121 102 81 70 61 63 
138 67 8 19 35 34 28 31 28 40 40 53 34 23 38 35 33 31 33 33 33 32 32 34 36 34 43 38 39 38 44 33 30 38 47 50 46 45 53 56 52 68 75 88 93 88 81 79 81 86 88 100 121 113 115 114 119 124 127 129 119 102 103 111 112 63 10 8 19 34 32 33 35 35 30 42 32 36 34 36 42 35 58 54 42 55 42 46 53 44 39 50 25 112 118 93 59 65 54 56 
91 148 91 11 23 33 36 29 28 34 45 41 31 29 46 35 31 33 33 38 37 33 37 39 32 30 38 40 28 38 36 35 32 30 45 55 59 63 62 69 83 102 99 98 98 95 91 93 97 88 93 100 104 105 104 103 102 103 106 107 109 121 138 152 157 173 174 115 30 1 9 30 43 32 41 40 32 31 34 36 37 36 53 61 33 54 46 38 48 51 44 53 16 127 118 95 58 47 69 61 
1 103 179 126 13 27 30 37 31 36 45 39 31 30 49 37 